
             [ 1 , 2 , 3 , 2 ]
               *
 [ 5 , 7 , 5 , 1 ]
               1 = 1

             [ 1 , 2 , 3 , 2 ]
               *   *
     [ 5 , 7 , 5 , 1 ]
               5 + 2 = 7

             [ 1 , 2 , 3 , 2 ]
               *   *   *
         [ 5 , 7 , 5 , 1 ]
               7 +10 + 3 = 20

 [ 1 , 2 , 3 , 2 ]
   *   *   *   *
 [ 5 , 7 , 5 , 1 ]
   5 +14 +15 + 2 = 36

 [ 1 , 2 , 3 , 2 ]
       *   *   *
     [ 5 , 7 , 5 , 1 ]
      10 +21 +10 = 41

 [ 1 , 2 , 3 , 2 ]
           *   *
         [ 5 , 7 , 5 , 1 ]
          15 +14 = 29

 [ 1 , 2 , 3 , 2 ]
               *
             [ 5 , 7 , 5 , 1 ]
               10 = 10